[1]

# Texture name
green_tileset

# Collisions
16
240
1 1 1 1 1 1 1 1 1 1 1 1 1 1 1 1 1 1 1 1 1 1 1 1 1 1 1 1 1 1 1 1 0 0 0 0 0 0 1 1 1 1 1 1 1 1 1 1 1 1 1 1 1 1 1 1 1 1 1 1 1 1 1 1 1 1 1 1 1 1 1 1 1 1 1 1 1 1 1 1 1 1 1 1 1 1 1 1 1 1 1 1 1 1 1 1 1 1 1 1 1 1 1 1 1 1 1 1 1 1 1 1 1 1 1 1 1 1 1 1 1 1 1 1 1 1 1 1 1 1 1 1 1 1 1 1 1 1 1 1 1 1 1 1 1 1 1 1 1 1 1 1 1 1 1 1 0 0 1 1 1 1 1 1 1 1 1 1 1 1 1 1 0 2 3 0 0 1 1 1 1 1 1 1 1 1 1 1 1 1 1 1 2 1 1 3 0 0 1 1 1 1 1 1 1 1 1 1 1 1 1 1 1 1 1 1 1 0 1 1 1 1 1 1 1 1 1 1 1 1 1 1 1 1 1 1 0 0 1 0 0 

# Rules
9
on:0 off:130 mx:0 my:0 a:1 t:2 136 137 
on:10 off:1 mx:1 my:0 a:1 t:1 90 
on:136 off:64 mx:1 my:0 a:1 t:1 30 
on:0 off:10 mx:1 my:0 a:1 t:1 0 
on:0 off:136 mx:1 my:0 a:1 t:1 100 
on:0 off:2 mx:0 my:0 a:1 t:4 1 2 3 4 
on:0 off:128 mx:0 my:0 a:1 t:4 101 102 103 104 
on:0 off:8 mx:1 my:0 a:1 t:4 20 40 60 80 
on:0 off:0 mx:0 my:0 a:1 t:16 21 22 23 24 44 64 84 83 82 62 61 41 42 43 63 81 
